MJ01 300 300 38 38 1444
-57 0 
1 0 
1 0 
0 1 16 -1 
2 1 16 -1 
1 1 16 -1 
1 1 0 -1 
1 1 16 -1 
2 2 0 -2 15 -2 
3 2 16 -2 6 -1 
2 3 0 -1 15 -2 6 1 
5 4 0 -2 6 -1 8 -3 6 1 
3 4 0 -1 6 -1 8 -4 6 -1 
-6 3 0 5 15 -2 6 -1 
-9 2 0 2 22 -1 
-2 0 
0 1 0 -1 
2 2 0 1 17 -1 
-2 1 0 1 
0 5 0 -1 6 1 3 1 4 -2 6 1 
5 3 0 -3 15 -3 6 -1 
5 2 0 -1 15 -1 
1 3 0 1 15 -1 6 1 
-1 1 16 -2 
-1 2 0 1 15 -1 
-1 2 0 1 15 -1 
-2 1 0 1 
-2 1 0 1 
-2 1 0 1 
-1 0 
1 3 7 -2 8 2 14 -1 
-2 0 
-1 1 0 1 
-1 0 
-1 0 
0 0 
-1 0 
0 0 
0 1 16 -1 
1 2 0 -1 15 -1 
1 1 16 -1 
2 1 0 -1 
2 1 16 -1 
0 1 16 -1 
0 2 16 1 6 1 
3 2 0 -2 15 -1 
5 2 0 -2 15 -2 
1 4 0 1 6 -1 8 -2 14 1 
2 5 0 -4 6 -1 8 -2 6 1 7 1 
5 3 0 -2 6 -1 15 -1 
-1 4 0 2 10 -1 4 5 6 -2 
-7 4 0 5 10 -1 4 4 6 2 
-7 2 0 1 6 1 
-1 3 7 1 8 -1 6 1 
3 2 0 -2 15 -4 
1 3 0 2 15 -2 6 -1 
-2 3 0 -1 6 1 8 -3 
2 2 23 -1 7 -1 
2 0 
2 1 0 -1 
1 0 
0 0 
-2 2 0 1 15 1 
-1 2 0 1 15 1 
-3 2 0 1 15 1 
-1 2 0 1 15 1 
-2 1 0 1 
0 0 
-1 0 
-1 0 
-1 1 0 1 
-1 0 
0 0 
0 1 16 -1 
1 6 0 1 6 -1 8 -2 6 -1 1 -1 5 1 
-2 0 
0 1 0 -1 
2 2 0 -1 15 -1 
2 1 16 -1 
1 2 0 -1 15 -1 
2 0 
-1 2 0 1 6 -1 
-1 2 0 -1 6 1 
6 2 0 -3 22 1 
5 3 0 -1 6 -1 8 -2 
-1 5 0 2 10 1 4 -1 6 -1 7 -1 
4 4 0 -1 6 -2 3 -1 11 -2 
-2 2 7 -1 8 4 
-4 5 0 2 10 1 4 1 6 1 2 -1 
-4 2 0 1 15 -1 
-1 4 0 -1 6 1 8 -2 6 1 
4 3 16 -1 1 -1 12 -1 
2 3 7 -1 3 -1 11 -2 
-3 0 
0 3 0 1 15 -1 6 -1 
-1 6 0 -1 6 1 3 1 4 -2 6 1 7 1 
3 3 0 -1 15 -1 6 -1 
0 1 16 -1 
-1 2 0 1 15 1 
-1 2 0 1 15 1 
-2 2 0 1 15 2 
-2 2 0 1 15 1 
-1 2 0 1 15 1 
-1 1 16 1 
-1 0 
0 0 
0 0 
-1 0 
-1 1 0 1 
-1 0 
0 1 16 1 
0 0 
-1 1 16 1 
-1 0 
3 2 0 -1 15 -1 
2 2 0 -1 15 -1 
2 1 16 -1 
2 2 0 -1 15 -1 
1 2 16 -1 6 1 
-1 4 11 1 4 -4 1 -1 4 1 
-2 4 7 1 8 -1 1 1 4 -1 
4 3 0 -4 6 1 8 2 
7 3 0 -2 15 2 9 -1 
4 6 0 1 6 -1 3 -1 11 -1 2 1 4 1 
-7 6 0 4 6 1 8 4 6 1 1 -1 5 -1 
-3 2 11 -1 4 2 
0 3 0 1 15 2 6 1 
0 3 0 -1 15 -2 6 1 
2 2 16 -2 6 -1 
0 2 16 -1 1 -1 
0 2 0 1 15 -1 
0 1 16 -2 
1 1 16 -1 
0 0 
-1 1 16 1 
-1 2 0 1 15 1 
-3 2 0 1 15 2 
-1 2 0 1 15 1 
-2 2 0 1 15 1 
-2 1 16 1 
0 1 16 1 
-1 1 16 1 
0 0 
0 0 
1 0 
-1 0 
-1 1 0 1 
-1 2 0 1 15 1 
-1 0 
0 0 
-1 0 
0 0 
5 2 0 -1 15 -1 
3 2 0 -2 15 -1 
5 2 0 -1 15 -3 
3 2 0 -2 15 -3 
3 4 0 -2 15 -5 6 1 2 -1 
3 5 0 3 6 -3 8 -4 6 -3 2 -1 
-11 2 0 4 6 1 
-3 2 0 -2 6 1 
4 5 0 1 10 1 4 3 1 -1 4 1 
-1 5 7 -1 3 2 4 2 9 1 4 -1 
-1 2 11 1 11 1 
0 1 16 -2 
2 2 0 -1 15 -1 
3 1 0 -1 
3 1 16 -1 
-1 1 0 1 
-2 0 
0 1 16 1 
-1 1 16 1 
-1 2 0 1 15 1 
-2 2 0 1 15 2 
-2 2 0 1 15 1 
-2 1 16 1 
-1 2 0 1 15 1 
-1 2 0 1 15 1 
-1 0 
-1 0 
0 0 
0 0 
0 0 
0 1 16 1 
0 0 
-1 1 0 1 
-1 0 
0 1 0 1 
-1 0 
0 0 
0 0 
9 1 16 -2 
3 2 0 -2 15 -1 
7 2 0 -2 15 -1 
4 3 0 -2 10 -1 4 -1 
8 9 0 -3 6 -1 3 -3 4 -1 1 2 4 -3 7 1 2 -1 6 1 
-8 7 0 7 10 -1 4 7 1 -1 4 3 2 -1 4 -1 
-11 1 0 1 
-1 5 0 -1 10 1 4 -2 1 -1 4 1 
1 4 0 -1 10 1 4 -3 6 1 
1 2 16 -3 6 -1 
1 4 0 -1 6 -1 8 -1 6 -1 
2 1 16 -1 
0 2 16 -1 6 -1 
0 1 16 1 
1 1 16 1 
-1 2 0 1 15 1 
-2 2 0 1 15 1 
-2 2 0 1 15 1 
-2 1 16 1 
-1 1 16 1 
-1 1 16 1 
-1 1 16 1 
-1 1 0 1 
-1 0 
0 10 0 -1 10 1 4 -2 1 -2 0 1 3 2 2 -1 4 -1 2 1 6 -1 
-1 6 0 1 15 -1 1 1 4 -1 2 1 14 -1 
-1 0 
-1 0 
0 0 
0 0 
0 0 
1 0 
-1 0 
-1 0 
0 0 
-1 0 
0 0 
0 0 
14 2 0 -1 15 -2 
1 3 16 -1 1 1 4 -1 
3 5 0 -3 10 -1 4 2 1 1 4 -1 
3 6 0 4 6 -2 3 -2 4 4 1 -2 6 1 
-7 6 0 2 10 2 4 3 1 1 4 2 2 1 
-2 0 
3 4 0 -3 10 1 4 -3 6 2 
6 5 0 -1 6 -1 8 -4 6 -1 7 -1 
0 2 16 -2 6 -1 
-3 3 0 1 15 -1 6 1 
-1 1 16 -1 
0 0 
-2 2 0 1 15 1 
-1 1 16 1 
0 1 16 1 
-1 2 0 1 15 1 
-2 2 0 1 15 1 
-1 1 16 1 
-1 1 23 1 
0 8 0 2 6 1 3 -1 4 -1 1 -1 0 1 3 -1 2 1 
-2 1 0 1 
-2 0 
0 0 
1 10 0 -1 6 1 3 -2 0 -1 3 1 1 1 0 2 3 -1 2 -1 4 1 
1 12 0 3 6 -1 3 2 0 -2 3 5 2 -1 1 -1 1 3 1 -2 5 -2 9 -1 6 -1 
-4 0 
0 0 
0 0 
-1 0 
0 0 
0 0 
0 0 
0 0 
-1 0 
0 0 
0 0 
-1 0 
0 0 
20 3 0 -3 15 -2 6 1 
0 3 0 3 6 1 8 -3 
-3 6 0 1 6 -1 3 1 4 -3 9 -1 4 1 
-3 0 
-1 0 
0 4 0 -1 10 1 4 -1 6 1 
8 5 0 -3 6 -1 7 -1 0 -2 6 -1 
3 1 16 1 
-2 1 0 1 
-3 1 0 1 
-1 1 0 1 
-3 2 0 1 15 1 
-2 2 0 1 15 1 
-2 1 16 1 
0 1 16 1 
-1 0 
-1 1 0 1 
-1 0 
0 0 
-1 0 
-1 1 0 1 
-1 0 
0 0 
-1 0 
0 0 
-1 0 
0 0 
0 0 
0 0 
0 0 
0 0 
0 0 
-1 0 
0 0 
-1 0 
0 0 
0 0 
-1 0 
28 6 0 -4 6 -1 3 -1 3 -1 0 -2 1 -1 
4 5 0 1 6 -1 3 -1 4 -4 14 1 
-10 6 0 6 10 -1 4 1 1 -2 4 1 7 -2 
-7 1 16 -2 
1 5 0 -1 6 1 8 -3 6 1 2 -1 
5 5 0 -2 10 1 4 -2 6 -1 2 -1 
1 0 
-1 1 16 1 
-1 2 0 1 15 1 
-3 2 0 1 15 1 
-2 2 0 1 15 1 
-3 2 0 1 15 1 
-2 2 0 1 15 1 
0 0 
0 1 16 -1 
0 1 16 1 
-2 1 16 1 
0 0 
0 0 
-1 0 
-1 0 
-1 0 
0 0 
0 0 
-1 0 
0 0 
0 0 
0 0 
0 0 
-1 0 
0 0 
0 1 16 -1 
0 0 
-1 0 
0 0 
-1 0 
0 0 
0 0 
19 7 7 1 3 2 4 4 1 -1 4 -2 0 -1 6 -1 
2 6 0 1 6 -2 3 2 4 6 6 1 7 -1 
-2 2 0 -1 22 1 
2 6 0 -3 6 1 3 1 4 -4 6 2 1 -1 
5 5 0 -1 10 -1 4 -5 1 -1 4 -1 
0 2 0 1 15 -2 
-4 3 0 1 15 -1 6 -1 
-3 1 0 1 
-3 2 0 1 15 1 
-2 2 0 1 15 1 
-2 1 0 1 
-2 0 
0 1 16 -1 
0 2 18 1 4 -1 
-1 3 0 1 15 1 6 1 
-2 0 
1 1 16 -1 
0 1 18 -1 
-1 0 
-1 0 
-1 0 
0 0 
0 0 
0 0 
-1 0 
0 0 
0 0 
-1 0 
0 0 
0 0 
0 0 
0 0 
-1 0 
0 0 
0 0 
-1 0 
0 0 
0 0 
17 5 0 2 6 2 7 1 7 1 7 1 
1 5 0 -2 10 1 4 -2 6 1 7 -1 
8 7 0 -1 6 -2 3 1 4 -4 6 -1 2 -1 4 -1 
7 5 0 -5 6 -1 8 -6 1 1 4 -1 
4 5 0 2 6 -1 3 -1 4 -4 6 -1 
-8 3 0 4 15 -1 6 -1 
-7 2 0 2 15 1 
-5 1 0 2 
-3 1 0 1 
-2 1 0 1 
-1 0 
0 3 0 -1 15 -1 6 1 
0 3 0 1 10 -1 11 -1 
-2 2 0 1 22 1 
-1 2 16 -1 1 1 
0 3 16 1 1 -1 4 -1 
-1 0 
0 0 
-1 1 0 1 
0 0 
-1 0 
0 0 
0 1 16 -1 
-1 0 
0 0 
0 0 
0 0 
0 0 
-1 0 
0 0 
0 0 
-1 1 16 -1 
0 0 
0 0 
-1 1 16 -1 
0 0 
0 0 
0 0 
21 5 0 -2 6 1 8 -4 6 1 2 -1 
12 8 0 -5 10 -1 4 -5 1 -1 4 -3 0 1 1 -1 14 1 
4 5 7 1 8 -3 1 1 7 -1 4 1 
2 3 11 -1 4 1 6 -1 
-4 3 0 4 6 -1 8 3 
-9 3 0 3 15 2 6 1 
-7 1 0 2 
-3 1 0 1 
-3 1 0 1 
-1 1 16 -1 
0 2 16 -2 1 1 
-1 2 0 1 15 1 
0 2 16 -2 1 1 
-2 1 0 1 
-1 1 16 -1 
-1 1 0 1 
0 0 
0 0 
-1 0 
0 0 
-1 0 
0 1 16 -1 
0 1 16 -1 
0 1 16 -1 
-1 1 16 -1 
0 1 16 -1 
0 1 16 -1 
0 0 
-1 0 
0 1 16 -1 
0 1 16 -1 
-1 0 
0 1 16 -1 
0 0 
-1 0 
0 0 
0 0 
0 0 
43 8 0 -8 10 -3 3 1 0 -6 2 1 3 -1 2 -2 4 -1 
3 4 0 3 6 1 8 -4 9 -1 
-5 3 0 4 15 -1 6 -1 
-7 3 0 3 15 1 6 -1 
-6 2 0 2 15 1 
-5 1 0 2 
-4 2 0 1 15 -1 
-3 2 0 1 15 -1 
-3 1 16 -1 
0 2 16 -1 6 -1 
-1 3 11 1 4 -1 6 1 
0 1 23 -1 
-1 1 0 1 
-1 1 16 -1 
-1 1 0 1 
-2 1 16 -1 
0 1 16 -1 
0 1 16 -1 
0 1 16 -1 
-1 0 
0 0 
-1 0 
0 0 
0 0 
0 0 
-1 0 
0 0 
0 0 
-1 0 
0 0 
0 1 16 -1 
0 0 
-1 1 16 -1 
0 1 16 -1 
0 1 16 -1 
0 1 16 -1 
-1 1 16 -1 
0 1 16 -1 
62 11 0 -2 6 -3 3 1 4 -7 1 2 0 1 3 -5 0 1 0 1 0 1 1 -1 
-8 6 0 5 10 1 3 1 0 -2 6 -1 7 1 
-13 4 0 5 6 1 3 1 4 -1 
-9 2 0 3 15 -1 
-5 2 0 2 15 -1 
-3 1 16 -2 
-3 2 0 2 15 -1 
-3 2 0 1 15 -2 
-2 2 0 1 15 -2 
0 2 16 -2 1 1 
-2 2 0 1 15 -1 
-1 1 16 -2 
-1 2 0 1 15 -1 
-1 2 0 1 15 -1 
-1 1 16 -1 
-1 1 16 -1 
-1 1 16 -1 
0 1 16 -1 
0 1 16 -1 
-1 1 16 -1 
0 1 16 -1 
0 1 16 -1 
-1 1 16 -1 
-1 1 16 -1 
0 1 16 -1 
0 1 16 -1 
0 1 16 -1 
-1 1 16 -1 
0 1 16 -1 
0 1 16 -1 
0 1 16 -1 
-1 1 16 -1 
0 1 16 -1 
0 1 16 -1 
0 1 16 -1 
-1 1 16 -1 
0 1 16 -1 
0 1 16 -1 
71 4 0 3 10 -1 4 -2 1 1 
-11 3 0 6 15 -3 6 1 
-13 2 0 4 15 -4 
-10 5 0 4 6 1 8 -3 1 -1 7 -1 
-5 6 0 1 10 -1 4 -5 1 2 4 -1 7 1 
-5 2 0 3 15 -1 
-4 2 0 1 15 -2 
-2 1 16 -3 
0 3 16 -2 6 -1 1 1 
-3 3 0 1 15 -2 6 1 
0 3 16 -3 1 1 4 -1 
-3 2 0 1 15 -1 
-2 1 16 -2 
-1 1 16 -2 
0 1 16 -2 
-1 1 16 -2 
-1 1 16 -2 
-1 1 16 -2 
0 1 16 -2 
-1 1 16 -2 
0 1 16 -1 
-1 1 16 -1 
0 1 16 -1 
-1 1 16 -1 
0 1 16 -1 
0 1 16 -1 
-1 1 16 -1 
0 1 16 -1 
0 1 16 -1 
2 18 0 1 4 1 1 -5 3 1 2 -1 1 -6 0 -1 0 2 0 -1 3 -1 0 1 0 -2 0 1 1 1 2 4 0 -1 1 -2 13 1 
-4 13 0 2 6 1 3 -2 4 1 1 -2 0 1 1 -1 1 -1 1 -1 0 1 1 -1 5 1 6 1 
2 12 0 -5 6 2 3 -4 4 -1 1 4 0 -3 1 1 1 2 1 -2 0 3 4 1 16 1 
-3 11 0 3 6 1 3 -1 4 3 1 -3 0 -2 1 1 1 1 1 -1 0 -2 1 1 
-2 5 0 -1 6 1 8 1 6 1 7 -1 
3 1 16 -1 
0 1 16 -1 
-1 1 16 -1 
0 1 16 -1 
70 5 0 3 6 -1 8 -2 1 1 4 -1 
-10 3 0 4 17 -1 4 1 
-8 4 0 4 10 1 4 -3 1 1 
-9 6 0 3 10 -1 4 -1 1 -1 4 -1 1 1 
-8 5 0 2 6 1 3 1 4 -2 6 1 
-3 2 0 1 15 -4 
-2 3 0 1 15 -4 9 -1 
-3 3 0 2 15 -2 6 -1 
-4 2 16 -3 6 1 
0 3 0 1 15 -2 6 -1 
-3 2 0 1 15 -2 
-1 1 16 -3 
-2 1 16 -3 
-1 1 16 -2 
0 1 16 -2 
-1 2 0 1 15 -2 
-2 2 0 1 15 -2 
-1 1 16 -2 
-1 1 16 -2 
-1 2 0 1 15 -1 
-1 1 16 -2 
0 1 16 -2 
-1 1 16 -2 
0 1 16 -2 
0 1 16 -2 
0 1 16 -2 
-1 1 16 -2 
4 19 0 -3 5 -1 0 -4 3 1 0 2 2 1 0 -7 0 -1 0 2 0 -2 1 1 1 1 0 -1 0 -4 2 -1 2 4 2 1 4 1 1 -1 
-5 10 0 1 6 1 3 -3 4 3 2 -1 1 1 3 -1 0 -1 1 1 5 2 
2 23 0 13 2 -1 1 -3 0 -1 0 2 0 -1 1 -1 0 -2 0 -3 2 -2 0 4 0 -1 0 -2 0 -1 3 6 0 1 1 1 4 4 0 -1 1 -2 4 -1 1 -2 5 -1 
-10 1 0 1 
-1 0 
0 0 
0 2 0 -1 6 1 
6 5 0 -1 10 -1 6 -1 4 1 2 1 
-1 5 0 2 10 -1 4 1 1 1 4 -2 
-1 4 0 -1 10 -2 4 2 6 1 
-2 5 0 1 6 1 3 -1 4 3 1 -1 
71 11 0 -1 4 1 5 1 4 1 1 1 0 -1 3 6 1 -3 0 -1 4 2 0 -1 
-5 9 0 4 6 -1 3 -3 3 1 0 2 1 -1 0 1 3 -1 2 -1 
-12 5 0 4 6 1 3 1 4 1 6 3 
-5 3 0 1 15 -5 9 -1 
-3 2 0 1 15 -6 
1 7 5 1 1 -1 8 -7 1 2 0 -1 5 -1 5 1 
-4 8 0 3 15 -4 1 -1 0 -1 3 1 1 -1 0 -1 4 -1 
-4 3 0 1 15 -7 6 1 
-1 3 16 -7 6 -1 2 -1 
-3 3 0 1 15 -7 6 1 
-2 2 0 1 15 -7 
-3 2 0 1 15 -6 
-3 3 0 1 15 -5 6 -1 
-1 15 0 -2 4 -1 1 1 0 1 3 2 3 -5 1 1 0 -2 3 2 1 -2 0 1 1 -1 3 1 8 1 6 -1 
-5 10 7 2 0 1 2 -1 4 1 0 -1 0 -1 4 2 0 1 6 -1 9 1 
-2 21 0 12 4 1 1 4 0 -1 2 -3 0 3 3 3 0 -1 0 -6 0 1 1 1 1 -5 0 -2 3 1 2 -4 0 2 1 -1 4 1 7 1 7 -1 0 -1 
-2 9 0 -3 6 -1 3 -1 4 2 1 -1 0 -1 3 3 0 -1 0 1 
1 9 0 2 10 -1 0 -1 3 -1 1 1 4 -1 1 1 0 1 5 1 
-1 3 16 -2 1 -1 4 1 
0 1 16 -3 
-1 2 16 -3 9 -1 
0 1 16 -3 
-1 1 16 -3 
0 1 16 -3 
0 1 16 -3 
0 1 16 -3 
1 15 0 -3 6 2 0 1 2 1 3 -1 0 -5 0 -1 0 -2 0 1 3 3 0 1 0 1 0 -1 4 -2 0 -1 
5 22 0 14 5 -1 0 -1 3 2 0 2 1 1 0 1 0 1 0 1 0 -4 0 4 3 -12 1 -1 0 4 1 -2 2 -10 0 3 1 -3 4 1 1 -1 13 -1 2 1 
-19 2 0 1 15 -1 
-2 1 0 1 
0 0 
-1 2 0 1 15 -1 
-1 0 
0 1 16 -1 
1 2 0 -1 22 -1 
0 4 0 1 15 1 1 1 4 1 
-1 0 
0 1 16 -1 
79 11 0 1 10 9 4 -8 1 1 0 -1 3 3 1 -1 0 -3 1 2 2 -1 2 -3 
-3 7 11 6 4 -19 1 1 4 2 2 2 1 1 5 -3 
2 8 0 -2 10 4 4 -21 9 1 1 1 5 -4 6 1 15 1 
1 6 11 3 4 -24 9 4 1 1 5 -4 22 1 
0 9 11 2 4 -22 2 1 3 -1 1 1 0 3 1 1 5 -4 22 1 
-2 8 0 2 10 2 4 -22 6 1 1 1 0 4 7 -3 22 1 
-4 6 0 1 10 2 4 -23 9 4 1 -1 5 -3 
-3 7 0 1 10 1 4 -21 6 -1 2 4 1 -1 5 -2 
-3 6 0 2 15 -19 1 1 7 4 1 -2 5 -1 
-3 6 0 1 10 -1 4 -18 1 1 7 5 1 -2 
-7 15 0 8 6 -3 3 -8 4 -10 0 -1 0 6 0 -2 1 -1 1 -8 1 -1 0 9 1 -2 2 3 2 -1 6 1 
-10 18 0 -4 6 -5 0 1 2 -10 3 1 0 2 0 -1 0 -6 0 4 1 -1 1 6 0 -1 1 -1 1 1 2 4 2 5 4 1 17 -1 
-13 23 0 11 4 1 1 4 3 -5 0 2 1 -1 0 2 0 14 0 -1 0 -10 0 -1 1 1 1 -5 0 -1 0 2 0 -2 1 1 2 -1 2 2 6 2 5 1 0 -1 8 -1 
-12 18 0 -6 4 1 1 7 0 -1 1 -1 0 1 4 4 0 1 0 3 0 -4 3 5 0 -2 0 -2 0 3 4 2 0 1 1 -2 22 1 
3 23 0 3 4 1 1 1 0 1 2 4 0 -2 1 1 0 2 0 16 1 -9 0 -7 1 1 0 1 0 -2 0 1 0 -4 0 -2 1 -1 2 -1 2 -3 6 -2 13 1 2 1 
-12 14 0 4 6 3 3 2 3 1 0 3 0 1 0 2 0 1 3 4 0 1 0 2 0 1 4 2 0 1 
1 4 0 -5 6 2 16 1 6 -1 
6 7 0 -1 10 1 4 -3 2 1 3 1 2 -1 7 1 
2 6 0 -2 10 2 4 -4 2 -1 6 -1 7 1 
4 9 0 -1 10 2 4 -3 1 -1 4 1 2 -3 1 -1 5 1 6 -1 
3 8 0 -1 10 5 4 -7 1 -1 4 1 2 -4 1 -1 5 2 
1 17 5 -1 1 -1 3 5 0 1 3 -10 1 2 0 -2 1 -1 1 -1 0 -1 0 -2 0 -3 4 1 0 1 1 1 6 2 6 -1 
-3 16 0 -3 6 3 0 1 2 -6 2 1 1 -2 0 -1 1 -1 3 3 1 1 0 8 4 -2 2 -4 6 1 10 -1 4 1 
5 19 0 -4 6 6 3 -7 0 -1 1 1 0 1 0 -8 1 -2 0 1 1 1 1 4 0 -1 0 3 0 9 1 -2 2 -6 2 -2 6 -2 15 1 
9 7 11 -3 4 -20 1 2 4 -1 2 4 1 -2 5 2 
-12 19 0 12 7 -1 2 -9 0 -1 2 -1 0 -2 0 1 0 -1 0 4 1 -1 1 -10 0 1 0 3 0 2 4 -1 2 3 6 -1 6 -1 8 -1 
0 17 0 -10 0 -1 5 -1 0 2 2 -12 0 -3 2 -3 0 7 0 1 0 3 0 -2 3 -3 0 -2 0 3 0 2 4 5 2 3 
-7 13 0 21 6 9 3 -3 0 -2 2 2 0 11 1 -3 0 -3 3 12 0 2 1 -2 4 6 0 1 
-16 1 0 2 
-2 1 16 -1 
0 1 16 -1 
-1 1 16 -1 
0 1 16 -1 
-1 1 16 -1 
0 1 16 -1 
-1 1 16 -1 
0 1 16 -1 
0 0 
58 13 0 -1 6 1 3 -3 4 25 2 1 1 1 3 1 2 2 2 -1 2 4 6 -1 10 1 4 1 
5 10 0 -1 6 -1 3 -1 4 22 2 -1 1 -1 4 1 1 1 5 2 6 1 
1 7 7 -1 3 -1 4 21 9 2 1 2 2 1 2 1 
-3 13 0 -3 6 2 3 -3 3 1 0 23 1 -3 0 1 3 5 0 -1 0 1 0 5 1 1 2 -2 
0 12 0 1 6 -2 3 -3 4 20 1 1 4 -1 1 -1 0 6 1 3 2 2 2 -1 6 -1 
-10 17 0 5 6 -2 0 1 2 -2 0 -1 2 1 0 31 1 -3 0 2 1 -1 1 -1 1 1 0 2 1 1 2 1 2 4 22 1 
-3 18 0 -1 4 -1 1 -2 3 -2 0 -1 2 -1 0 30 1 2 0 -1 1 1 1 1 1 2 0 1 1 1 2 1 0 1 1 5 6 -1 
-8 16 0 6 6 2 3 6 0 1 2 1 0 29 1 -5 0 -1 3 1 1 -2 0 -1 1 1 2 -1 0 -1 8 2 6 1 
-3 14 0 -2 6 -3 0 -1 2 7 0 1 3 27 1 3 0 1 3 -1 1 2 0 -1 1 1 2 -1 2 -1 
-1 15 0 2 6 -5 0 -1 2 5 0 2 1 -1 0 1 0 26 0 -1 1 -1 3 1 1 3 0 -3 1 2 2 -2 
-18 17 0 4 6 -1 0 1 2 5 0 -1 3 5 0 1 0 3 0 2 1 1 1 4 1 -1 0 4 1 1 2 -1 2 3 6 1 
0 16 0 -5 6 1 0 -1 2 4 3 2 0 6 0 -1 0 -4 0 -1 3 -6 0 2 0 1 0 2 4 1 0 1 6 -1 
-4 1 0 1 
-1 1 16 -1 
-1 1 16 -1 
0 1 16 -1 
1 12 0 -3 6 2 3 2 3 -1 0 1 1 -2 0 -1 3 -3 0 -1 0 1 0 1 4 2 
10 16 0 -4 6 -2 3 7 0 1 2 -1 0 15 2 2 1 1 1 -3 0 -1 1 1 1 -1 2 -2 2 -2 6 2 6 1 
-2 15 0 4 6 -1 3 8 3 -1 0 12 1 1 0 -1 1 -1 1 4 0 -1 0 -1 0 4 4 -1 2 1 6 -1 
4 15 0 -6 6 -2 3 9 3 -1 0 18 2 2 1 1 1 -5 0 -1 0 -1 0 2 4 -2 2 -1 6 2 6 1 
4 11 0 4 6 1 3 9 3 -1 0 22 1 -3 0 -1 6 3 1 -1 5 -1 23 1 
-4 18 0 11 0 -1 5 -6 0 1 2 6 4 17 0 1 0 2 0 -1 3 9 0 1 0 -1 0 -2 4 -5 0 1 1 -2 6 -1 15 1 
-15 1 16 -1 
0 11 0 -1 6 1 3 1 6 -1 0 -1 3 -2 1 1 0 1 4 1 2 1 6 -1 
9 19 0 -1 0 1 5 -5 0 -2 1 1 0 9 2 1 1 14 0 -2 1 1 1 1 1 -1 1 -2 0 3 1 -1 2 -4 7 -1 1 1 6 1 
-10 4 0 1 10 1 4 -1 6 1 
-1 2 11 1 4 -1 
0 2 11 1 4 -1 
-1 1 16 -2 
-1 1 16 -2 
0 1 16 -2 
-1 1 16 -2 
0 1 16 -2 
-1 1 16 -2 
0 1 16 -2 
-1 1 16 -2 
0 1 16 -2 
0 1 16 -1 
20 4 0 -1 10 3 4 -4 9 -1 
1 4 11 3 4 -5 6 1 2 -1 
0 3 11 2 4 -5 9 -1 
-1 3 11 2 4 -4 9 -1 
0 3 11 2 4 -4 9 -1 
-1 3 11 1 4 -5 9 -1 
0 4 11 2 4 -6 9 -1 7 1 
1 4 0 -1 10 2 4 -6 9 -1 
1 7 0 1 10 2 3 -1 0 -5 1 1 4 1 0 -1 
-1 2 11 1 4 -6 
0 6 0 1 10 1 4 -7 1 1 4 -1 2 -1 
-1 3 11 1 4 -5 9 -1 
0 3 11 1 4 -6 9 -1 
0 3 11 1 4 -6 9 -1 
0 3 11 1 4 -7 9 -1 
0 3 11 1 4 -7 9 -1 
0 3 11 1 4 -7 9 -1 
-1 2 16 -6 9 -1 
1 3 16 -5 1 1 7 -1 
-1 2 16 -6 9 -1 
0 3 16 -6 9 -1 7 1 
0 3 11 1 4 -7 9 -1 
-2 3 11 1 4 -6 9 -1 
0 3 11 1 4 -6 9 -1 
-1 3 11 1 4 -6 9 -1 
-1 3 11 1 4 -5 9 -1 
0 1 16 -5 
0 1 16 -6 
-1 1 16 -6 
0 2 0 1 15 -6 
-2 3 0 1 10 1 4 -6 
1 2 16 -6 9 1 
-1 3 0 1 10 -1 4 -5 
-2 2 0 1 15 -5 
-1 1 16 -5 
0 2 11 1 4 -5 
0 3 0 -1 15 -5 1 1 
-1 4 0 1 10 1 4 -4 9 -1 
30 7 0 -1 10 2 4 -2 6 1 2 -1 1 -1 28 1 
2 8 0 -1 6 -1 3 3 4 -2 9 -1 1 -1 2 -1 25 1 
0 7 0 1 10 4 4 -3 6 -1 2 -1 1 -1 28 1 
-1 5 11 4 4 -3 9 -1 1 -1 28 1 
-2 7 0 1 10 3 4 -1 6 -1 2 -1 1 -1 28 1 
-2 4 11 3 14 -1 1 -1 28 1 
1 6 0 -1 10 3 4 1 6 -1 2 -2 30 1 
0 6 0 1 6 1 3 4 4 2 11 -1 28 1 
-1 6 11 4 11 1 2 -2 1 -1 5 -1 22 1 
0 9 0 1 10 4 6 1 0 -1 1 -1 1 -1 7 -1 2 -2 6 1 
-2 4 11 2 4 1 11 1 5 -3 
-1 8 11 2 4 2 2 1 3 -1 2 -2 1 -1 5 -1 6 -1 
0 7 0 -1 10 2 4 3 1 -1 7 -3 1 -1 5 1 
0 5 11 1 4 3 9 -2 4 1 2 1 
0 4 0 1 10 2 4 4 17 1 
-2 2 11 2 4 4 
0 5 11 3 4 6 1 -1 12 -1 2 -1 
-2 6 0 1 10 4 4 7 7 -1 6 -1 2 -1 
-2 10 0 1 6 1 3 3 4 4 1 1 4 1 2 -1 1 -1 5 -2 22 1 
0 7 11 3 4 5 6 -1 2 -1 1 -1 5 -3 22 1 
1 8 0 -1 10 1 4 8 1 1 4 -1 4 -1 5 -3 22 1 
2 5 16 9 1 1 9 -1 5 -3 22 1 
-1 5 11 -1 4 7 11 -1 5 -3 22 1 
0 6 0 -1 10 -2 4 7 6 -1 4 -1 5 -2 
1 7 0 1 10 -2 4 7 2 1 6 -2 1 -1 5 -2 
0 8 0 -1 6 1 3 -4 4 6 8 -1 0 -3 7 -2 22 1 
1 7 11 -5 4 3 9 -1 1 1 5 -1 17 -1 4 1 
-1 10 7 1 3 -7 4 2 1 1 0 1 6 -2 1 1 5 1 6 -1 10 -1 
0 5 11 -5 6 -1 4 1 2 -2 7 1 
2 7 11 -5 4 -3 1 -1 4 1 2 -2 1 -1 5 2 
0 8 7 1 3 -2 4 -7 1 -1 4 1 2 -2 1 -1 5 2 
-1 6 0 1 10 -2 4 -8 9 -1 1 -2 5 1 
-3 7 0 1 6 -1 3 -3 4 -5 9 1 1 -1 5 1 
-2 5 0 1 10 -3 4 -5 2 -1 6 1 
-2 6 0 1 6 1 3 -4 4 -5 9 3 1 -1 
-1 4 11 -4 4 -4 9 2 1 -1 
0 4 11 -3 4 -5 9 2 1 -1 
-1 4 11 -3 4 -4 9 1 1 -1 
21 18 0 8 6 1 3 -18 0 1 2 1 0 21 1 -4 0 6 1 -1 1 -5 1 1 0 4 1 -1 2 -2 2 7 6 -2 6 -1 9 1 
1 12 0 -4 10 -18 4 23 1 4 0 -5 1 1 1 3 2 1 1 -2 5 5 6 2 16 -1 
-5 19 0 5 6 4 3 -18 3 -1 0 24 1 -3 0 3 1 -1 1 -2 1 -1 0 2 1 -2 3 1 1 8 6 -2 6 -1 3 1 2 -1 1 -1 
1 20 0 -9 6 5 3 -17 0 2 2 -1 0 18 1 1 0 -5 3 7 0 1 1 4 1 -1 2 -3 2 7 4 1 1 3 6 -1 3 1 4 -1 0 -1 
23 18 0 -4 6 -1 3 -1 0 1 3 -20 1 -5 0 3 1 1 1 4 0 1 0 -2 0 9 1 1 2 2 0 -1 1 -1 6 -2 15 -1 
3 10 0 -1 10 2 4 -21 1 2 0 1 1 -1 1 -3 2 7 7 3 22 -1 
-14 18 0 11 6 2 3 -11 0 -2 1 -1 1 4 0 1 0 6 0 -1 1 2 1 -12 0 -1 0 2 0 11 4 -2 0 1 15 1 8 -1 
-10 15 0 1 4 1 1 -1 3 -17 0 -1 2 1 0 21 1 1 0 1 3 1 2 4 1 -4 5 2 6 1 6 1 
1 13 0 -1 6 -2 3 -19 0 -2 2 1 0 22 6 -1 2 2 1 -3 2 1 2 2 13 1 8 1 
-14 13 0 8 10 -1 0 2 1 -1 1 29 1 -10 0 -2 1 1 4 -8 4 -1 2 -2 6 3 15 -1 
-17 12 0 5 6 1 3 11 4 16 1 2 0 -1 1 -2 1 6 2 6 7 2 6 -2 16 -1 
1 11 0 -5 10 8 4 15 1 1 0 2 3 -4 1 -1 0 3 1 1 5 1 6 1 
6 11 0 -2 10 7 4 20 2 1 4 1 0 1 0 -2 1 1 5 -1 17 1 4 2 
4 12 0 -2 6 1 3 4 4 19 1 1 4 1 1 1 0 -2 1 2 2 -2 2 3 6 -1 
8 16 0 1 6 -3 4 1 3 10 1 4 0 -3 3 -1 0 1 0 -1 0 -1 1 -3 2 2 2 8 6 2 6 -1 8 -1 
0 11 0 -2 6 -1 3 -6 4 13 9 5 1 -4 2 -1 2 -3 6 2 15 1 0 -1 
4 14 0 -2 10 -2 3 1 0 1 1 -2 0 -2 1 -1 1 5 2 10 1 -1 2 -1 2 -10 6 1 16 1 
6 13 0 -5 10 6 0 1 3 -17 1 -1 0 4 1 1 1 4 1 -1 0 4 7 -11 6 -2 16 -1 
4 10 0 2 6 1 3 5 4 -21 6 -1 0 1 1 -3 1 -2 5 -4 22 2 
-3 10 0 1 10 7 4 -19 2 1 3 -1 2 -4 1 2 2 -1 2 -4 22 1 
-5 8 0 2 10 5 4 -16 6 -1 2 -4 1 4 5 -2 22 -1 
-2 10 0 1 6 -1 3 7 4 -16 1 -1 2 1 1 1 2 -6 1 2 28 -1 
-4 9 0 3 10 8 4 -14 6 -3 1 -1 0 -5 1 -1 2 1 0 1 
-8 8 11 2 3 1 0 -1 1 1 4 -1 2 -2 1 -2 2 -1 
-2 11 0 1 10 -1 3 1 0 3 1 1 0 -1 3 -2 2 -2 1 -2 12 1 10 1 
-1 7 0 -1 6 1 3 -2 4 7 9 -1 1 -2 5 -2 
-1 8 7 1 3 -3 3 -1 0 7 7 -1 3 -1 5 -3 22 1 
3 9 0 -2 6 1 3 -1 4 9 1 -1 0 1 8 -2 5 -5 6 1 
5 13 0 -3 6 1 3 1 3 -1 0 8 1 -2 0 1 3 1 0 1 1 -2 1 -1 5 -6 22 -1 
6 11 7 -1 3 4 4 7 6 -1 0 1 1 -5 5 -1 1 -5 6 -1 10 1 4 -1 
-1 10 0 2 10 6 4 7 1 -1 4 1 2 -5 1 -1 2 -1 2 -1 6 -1 
-3 9 0 1 10 7 3 1 0 6 1 1 4 -1 2 -3 7 2 22 1 
-1 8 0 -1 10 5 4 9 8 1 0 -1 1 -1 2 -1 2 1 
-1 7 0 1 10 3 4 8 6 1 2 -1 7 -1 22 1 
-1 7 7 1 3 2 4 7 1 1 7 -1 7 -2 22 1 
0 6 11 1 4 6 6 1 2 -2 1 1 5 -2 
-1 7 0 1 10 1 4 4 4 1 1 1 2 -1 7 -2 
0 5 11 1 4 4 9 -1 1 -1 5 -2 
-25 4 0 1 10 1 4 4 1 -1 
-1 4 0 1 15 1 1 1 7 1 
0 4 11 -1 4 2 1 -1 7 -1 
2 10 0 -3 6 1 0 -1 2 1 3 1 0 6 0 -1 0 -1 4 -3 0 1 
3 13 0 -1 4 -1 5 5 3 -1 0 11 1 -2 0 -1 3 -2 0 -1 0 -1 0 2 5 -1 1 1 
10 15 0 -2 6 -3 0 -1 2 12 0 -1 3 23 1 1 0 -2 5 -2 0 11 1 3 2 -3 2 7 13 -1 8 1 
-10 11 0 1 6 1 3 -2 4 5 1 1 0 1 3 1 0 1 1 1 4 1 2 1 
-2 4 0 1 10 -1 4 4 1 -1 
-2 3 11 -1 4 4 9 -1 
-1 2 16 4 9 -1 
0 3 11 1 4 3 6 1 
1 3 11 1 4 2 9 1 
0 2 0 -1 22 1 
2 3 0 -1 15 -2 9 1 
4 10 0 -4 10 3 4 2 1 -3 0 -2 3 -3 2 3 1 1 5 2 6 -1 
6 10 0 -4 10 7 4 -5 1 -2 0 2 3 4 1 -1 0 -4 1 -3 12 -1 
5 18 0 -2 6 1 3 4 0 -1 1 -1 1 -8 1 3 0 -2 3 -1 0 -1 1 1 1 3 2 1 2 -6 6 1 9 1 0 1 4 -1 
15 21 0 -4 4 1 1 -3 3 -6 0 1 1 1 1 -14 1 5 0 -5 1 -1 1 1 0 1 0 -1 0 4 1 1 2 3 0 -1 1 -3 22 1 0 1 0 -1 
12 16 0 -9 4 -1 1 -1 3 -4 0 -1 3 18 2 2 1 2 1 -12 1 -1 0 14 4 -1 2 -2 6 3 15 1 0 -1 
8 18 0 2 6 -1 3 -11 0 1 3 35 1 1 0 2 1 -1 1 -1 1 1 0 3 1 -4 2 -1 2 2 6 -3 10 1 4 1 0 1 
-16 14 0 6 6 3 3 -1 0 -1 3 30 1 -3 0 -3 3 4 1 -2 0 7 1 -2 5 6 6 -1 15 -2 
-8 13 0 1 6 2 3 -2 3 1 0 22 1 2 0 1 3 1 0 1 1 10 7 9 6 1 10 1 
-4 10 0 2 6 1 3 -5 3 1 0 18 6 1 2 9 1 -2 5 7 17 1 
-1 11 7 -1 3 -4 0 -1 3 11 6 2 2 16 1 -2 5 4 6 1 10 1 4 1 
0 11 11 -4 4 2 1 -2 0 -1 1 -1 1 2 2 17 1 -1 2 -1 9 1 15 2 
-2 14 0 1 6 -2 8 -10 1 -2 0 2 1 -1 1 2 1 -1 0 14 1 3 2 2 2 -6 6 1 16 1 
3 16 0 -2 6 -1 3 7 0 2 3 -22 1 -2 0 3 1 1 1 3 1 -1 0 5 1 2 2 3 2 -6 6 -1 6 -1 
4 15 0 -2 6 -2 3 5 3 1 0 -23 1 2 0 -1 3 1 0 1 1 2 1 1 2 1 0 -1 1 -4 22 1 
-5 10 0 3 6 1 3 2 4 -18 6 -2 0 -1 1 3 1 3 5 -6 6 -1 
-6 14 0 2 6 -1 3 1 3 -1 0 -8 1 1 4 -4 1 1 0 5 1 1 2 1 0 -1 1 -3 6 -1 
0 11 0 3 6 -1 3 3 4 1 1 2 4 -2 0 1 1 10 1 3 5 -1 22 1 
-1 12 0 -1 10 3 3 1 0 9 1 -1 4 -3 1 1 0 12 1 1 3 -1 19 -1 4 2 
4 12 0 -3 6 1 3 8 4 14 2 1 3 3 2 7 4 -2 2 -4 6 3 15 -1 0 1 
7 18 0 -3 4 1 1 -1 3 5 4 3 0 1 0 3 0 -1 3 1 0 -1 0 -1 0 3 1 3 5 -9 6 -1 10 1 4 -1 0 -1 
4 16 0 -5 7 1 2 6 0 -1 3 4 1 -2 0 2 1 1 1 -2 0 1 1 -2 1 2 3 1 1 -8 17 1 4 -2 
5 14 0 2 4 1 1 -2 3 7 3 -1 0 -3 1 2 2 -1 1 3 1 1 0 -12 7 -4 6 -1 16 -1 
-1 14 0 2 6 -2 3 1 4 -6 1 1 0 -3 1 1 2 1 1 -9 1 -2 5 4 6 -1 10 1 4 1 
3 8 0 -2 6 -2 8 -14 1 -1 4 1 4 -2 2 1 2 4 
-40 1 16 -1 
0 1 16 -1 
0 3 16 -1 9 1 7 -1 
0 3 16 -1 9 1 7 -1 
0 4 7 1 8 -1 9 1 7 -1 
0 2 16 -1 9 1 
0 1 16 -1 
-1 1 16 -1 
0 1 16 -1 
0 0 
0 1 16 -1 
1 1 16 -1 
2 1 0 -1 
3 2 0 -2 15 1 
22 22 0 -22 4 1 1 -2 0 -2 2 -7 0 -2 1 -1 0 5 0 -3 0 1 1 1 3 2 0 -3 0 7 0 -1 1 1 2 2 0 -3 1 -2 6 2 6 -1 8 -1 
-6 17 0 3 4 -2 1 6 0 1 2 4 3 -2 0 1 0 -1 0 7 0 -2 3 7 1 -1 0 5 4 -3 2 1 6 1 6 -2 
12 23 0 16 0 -1 3 1 1 1 0 -1 3 6 1 1 0 -1 0 -4 1 -8 0 -1 1 1 0 -1 0 -17 0 1 0 1 0 -4 1 -1 2 -5 7 1 1 1 6 1 6 -1 
-20 18 0 4 6 2 0 -1 2 3 0 1 2 1 0 2 1 3 0 3 1 1 1 4 1 2 0 1 1 1 2 2 0 1 1 2 6 1 
-5 7 0 -1 7 -1 2 1 4 -2 2 -1 4 -1 9 -1 
-2 5 0 1 15 -1 2 -1 11 1 2 -1 
-3 3 0 1 15 -1 9 1 
-1 3 0 1 15 -2 1 1 
0 5 7 -1 8 -2 11 -1 2 1 2 1 
1 3 11 1 4 -3 9 -1 
3 11 0 -2 10 -1 5 -1 0 1 0 -2 1 1 1 -2 2 2 4 1 2 -3 6 2 
-1 14 5 1 5 -4 3 1 0 6 1 1 0 2 1 -1 1 -1 1 -1 2 1 2 -1 0 -1 1 1 6 -1 
-3 7 11 4 3 1 0 9 1 -1 5 1 1 1 4 -1 
0 15 0 1 6 -2 3 7 0 -1 2 -1 0 8 1 1 4 2 0 -1 0 -2 0 5 1 1 2 -2 2 3 13 -1 
-2 6 11 2 4 2 2 1 6 1 1 1 5 1 
-1 5 0 1 6 -1 8 1 6 -1 2 1 
-2 6 0 1 10 2 4 2 8 -1 0 1 7 1 
0 5 11 1 4 3 1 -1 4 -1 17 1 
1 6 11 1 4 5 1 1 4 -1 4 -1 5 -1 
0 11 0 1 10 1 3 1 0 5 1 -1 0 -1 3 1 0 1 0 -1 0 -1 7 -1 
-3 5 0 1 10 2 4 4 9 1 7 1 
8 17 0 -4 6 -3 3 9 2 1 0 -1 0 18 0 -1 0 -2 4 -4 0 -1 0 -2 0 4 4 -2 0 -1 1 1 13 1 2 1 
10 16 0 -5 6 1 3 9 3 1 0 28 0 1 1 -1 1 1 1 -3 2 4 1 2 3 -1 1 3 6 -1 16 1 0 1 
10 12 0 -3 6 -2 3 8 4 35 1 1 4 -1 2 5 1 -2 5 -1 6 1 10 -1 4 -1 
-17 11 7 1 3 2 3 1 0 -6 1 1 0 -1 3 -1 2 -2 1 -2 2 -1 2 2 
-1 8 0 1 6 -1 3 2 4 -4 6 -1 4 -1 5 1 6 1 
-1 5 16 -4 6 1 1 1 0 2 7 -1 
-2 4 0 1 10 1 4 -2 6 -1 
1 3 11 2 4 -4 9 -1 
0 2 11 1 4 -4 
0 2 11 1 4 -3 
0 2 11 1 4 -2 
0 3 0 -1 15 -2 9 -1 
1 1 16 -3 
0 3 11 1 4 -4 9 -1 
1 3 11 1 4 -3 9 -1 
1 3 0 -1 10 1 4 -3 
1 1 16 -3 
2 12 0 -2 6 1 4 1 2 -1 0 -1 2 -1 3 -1 1 1 0 1 4 1 2 1 6 -1 
10 11 0 -5 10 6 4 11 0 1 1 2 1 1 1 -3 2 4 1 -2 5 -1 6 3 
12 19 0 -2 6 -3 3 1 0 -1 2 -1 0 20 1 7 0 4 1 -1 1 3 0 -1 0 -3 0 -7 1 2 2 -3 2 -4 6 -1 6 1 9 1 
5 22 0 -3 4 -2 0 1 0 -9 3 -14 0 -1 2 2 0 -4 0 -1 0 -2 0 -2 1 1 1 4 0 -2 0 -1 0 -4 4 6 0 2 1 4 13 1 3 1 6 -1 
-12 15 0 -1 6 2 3 -9 0 -1 3 -11 1 -4 2 -1 1 3 0 1 1 12 1 -1 5 -4 6 3 10 -1 4 2 
1 20 0 5 0 1 3 1 1 -2 3 4 3 -1 0 -20 1 -3 0 3 1 1 1 -1 0 1 0 -2 0 1 1 3 2 3 0 -1 1 -6 6 -3 14 1 
-14 14 0 9 6 1 0 -1 2 3 4 -9 0 1 0 4 0 -1 3 -9 1 1 0 -4 4 -1 2 2 13 -1 
-11 6 0 2 10 1 4 4 1 -2 0 -1 6 -1 
-3 5 0 1 10 2 4 2 6 1 2 1 
0 9 7 -1 3 2 0 -1 3 1 8 -1 0 1 1 1 2 -1 2 1 
0 2 0 -1 15 -1 
1 2 0 -1 15 -3 
2 1 16 -3 
0 1 16 -1 
0 3 0 1 6 -1 15 -1 
-3 4 0 1 10 -1 4 1 6 -1 
-3 2 0 1 15 2 
-1 2 16 2 1 -1 
0 2 7 1 10 1 
-1 2 0 1 15 1 
0 1 16 -1 
0 0 
0 1 16 -1 
-1 0 
10 9 7 1 3 5 4 9 1 2 0 2 3 1 2 2 1 1 5 1 
6 11 0 -4 6 -1 3 -2 3 1 0 6 2 -2 5 2 0 3 5 -1 1 1 6 1 
1 9 7 1 3 2 4 3 2 1 3 1 0 -1 1 2 1 1 12 -1 
1 4 7 -1 8 1 9 3 7 1 
-1 4 0 -1 14 -1 2 1 9 -1 
2 7 0 -1 6 -1 3 -1 4 -2 6 1 2 -1 7 1 
3 5 0 -1 15 -4 9 -2 7 1 6 1 
-1 5 0 1 15 -2 9 1 4 1 2 -1 
-1 2 7 -1 20 -1 
-1 5 11 -1 4 -1 1 1 0 1 21 1 
0 2 11 -1 14 -1 
1 4 11 -2 4 -1 9 -1 7 1 
2 8 0 -1 6 1 7 -1 0 -3 1 -1 4 1 0 1 1 1 
2 12 7 1 3 1 0 -1 2 -1 0 -5 1 2 4 -2 0 1 0 1 0 -2 4 -1 2 1 
2 10 0 -1 6 1 8 -3 1 2 0 -1 1 1 1 -1 0 -1 3 -1 5 1 
5 14 5 1 1 -3 3 -2 0 -1 2 -1 0 -7 1 -1 0 1 3 1 0 1 0 2 2 -1 3 -1 8 -1 
8 19 0 -5 4 -1 1 -1 0 -1 2 3 0 1 2 1 0 -16 1 4 0 -3 1 -2 1 -1 0 1 0 -2 0 -2 1 2 2 2 2 -2 6 4 
9 21 5 -1 1 -13 3 -10 0 1 2 5 0 4 0 -1 1 1 1 2 1 -11 0 4 0 3 0 10 1 -1 2 -7 0 2 1 -2 4 -1 1 -3 13 -1 1 1 
-22 13 0 5 0 -1 5 2 3 -13 3 -1 0 3 1 -2 0 2 1 -2 6 -1 5 6 22 -1 1 1 
0 23 0 9 4 1 1 -12 0 2 3 1 2 -2 0 17 0 2 0 -7 0 -5 1 1 1 2 0 -1 0 -4 0 -6 1 2 2 -10 0 1 1 -1 4 1 1 1 6 2 11 -1 
-14 20 0 4 4 -1 1 -1 0 -1 2 4 0 -1 2 -2 0 7 0 -1 0 3 0 2 3 5 0 -2 0 -1 0 3 4 -1 0 -2 1 1 4 -1 1 1 
-1 18 0 -4 0 1 5 -1 0 -1 1 1 4 1 0 6 0 -1 1 2 1 1 1 -4 0 1 0 -1 0 -3 1 -2 2 -1 2 -3 6 2 
0 15 0 -3 4 -1 2 -1 2 -3 3 1 0 2 1 3 0 2 1 -1 1 -1 0 1 1 -4 1 1 3 -1 6 1 
1 18 0 -3 0 -1 3 -1 1 -1 0 1 2 -4 0 1 3 -1 1 2 0 -1 3 1 1 1 0 -1 4 -1 2 2 4 -1 1 -1 5 1 
9 18 0 -9 0 1 3 1 1 8 0 -1 2 -2 0 1 3 -11 0 1 0 -4 0 -1 1 -1 1 8 2 4 4 -5 0 -1 1 -3 6 3 
13 12 0 -4 6 -2 0 -1 2 11 4 -29 0 1 0 -3 0 1 3 4 2 -4 1 1 2 1 
-8 15 0 6 10 9 0 1 2 1 0 -17 1 3 0 -1 1 1 1 -6 0 -1 1 -7 1 -1 3 1 1 3 13 -1 
-9 6 0 3 10 1 4 -5 2 -1 6 -1 4 1 
-9 8 0 4 10 -1 4 2 1 -1 0 1 3 -2 1 1 5 -1 
-6 4 0 1 10 1 4 1 6 1 
-1 1 16 -1 
0 1 0 1 
0 0 
0 0 
0 0 
0 0 
0 1 0 1 
0 0 
4 1 16 -1 
0 1 16 -1 
1 0 
3 5 0 -1 10 2 4 2 6 -1 2 1 
5 7 0 -3 10 1 4 5 1 1 0 1 3 -1 2 -1 
6 9 0 -3 6 -1 3 -2 0 -1 3 3 2 -1 3 2 2 1 14 1 
5 11 0 -2 6 -2 3 -2 3 -1 0 -3 1 -2 0 1 3 2 0 1 1 2 7 -1 
2 12 0 -1 6 -1 3 2 4 -7 4 -1 1 1 0 -1 1 1 1 2 2 1 2 -2 22 -1 
-1 11 0 -1 6 -2 0 1 2 2 0 1 3 -8 0 -1 5 1 1 -1 0 -1 4 2 
1 14 7 -2 0 1 2 3 0 1 2 1 0 -9 0 -1 0 -1 0 1 4 -1 0 -1 0 -1 4 2 9 -1 
0 16 0 4 6 2 0 -1 2 3 4 -8 0 1 0 3 0 -1 1 -1 1 -4 1 1 0 -1 1 1 2 -2 2 -1 6 1 
-1 12 0 -2 10 1 3 -1 0 -5 1 -3 0 1 3 2 0 1 0 1 0 1 4 -1 9 -1 
11 18 0 -6 0 1 5 -1 3 7 0 2 2 -1 0 -20 1 3 0 -4 1 -2 1 2 1 -2 0 -3 1 1 2 2 9 3 6 -1 9 1 
-2 22 0 2 6 3 0 1 2 -7 3 1 0 -6 0 -1 0 4 0 2 1 1 1 -5 0 -1 1 6 1 -2 2 -3 0 1 1 1 6 -4 6 -1 8 1 0 1 0 -1 
2 14 0 -5 6 -1 3 -6 0 2 3 2 1 -4 4 -1 0 -1 1 -7 1 1 3 1 1 -2 6 5 17 -1 
-5 19 0 4 6 2 3 5 0 -1 2 1 0 12 1 -3 0 -1 1 -2 1 -2 1 -2 0 3 1 1 5 -2 6 -2 6 -1 8 -1 0 -1 0 -1 
-13 13 0 3 6 2 3 4 0 1 2 1 0 8 6 1 0 1 0 1 5 1 0 1 1 -1 6 -1 
-5 5 0 1 6 -1 3 1 4 5 1 1 
-3 2 0 1 15 2 
-3 2 0 1 15 2 
-2 1 16 1 
5 11 0 -7 6 2 3 -4 0 1 2 1 0 3 1 3 0 1 3 -2 0 1 1 -1 
10 15 7 -4 0 1 2 -10 3 -3 0 1 1 1 0 1 3 -1 1 1 0 -1 1 1 2 -1 0 1 1 -2 6 -1 
-2 11 0 -2 6 1 0 -1 2 -8 3 3 0 -1 6 1 4 1 2 -1 0 -2 6 1 
0 10 0 -2 6 1 3 -3 4 -3 1 1 0 -1 3 -2 4 -1 5 3 4 1 
31 17 0 -32 4 1 1 8 4 -2 2 -3 0 -3 0 -1 0 3 0 -3 3 -3 0 1 0 -4 0 9 4 3 2 -1 4 1 17 1 
11 16 0 26 6 14 0 -1 2 -2 3 -1 0 19 1 3 0 2 3 -15 0 2 0 -3 0 -1 1 1 12 -2 6 1 10 -1 
-44 20 0 15 4 1 1 2 0 1 2 4 0 -1 2 1 0 15 2 -3 1 -1 1 11 0 1 0 -3 0 -2 1 -2 5 -2 6 -2 6 1 6 1 1 -1 
-14 1 0 1 
-1 1 16 -1 
0 0 
-1 0 
0 0 
0 0 
0 0 
0 0 
0 1 16 -1 
0 0 
6 2 0 -1 15 -1 
1 1 16 -1 
1 1 16 -1 
1 1 16 -1 
2 2 0 -1 15 -2 
3 2 0 -1 15 -2 
2 3 0 -1 15 -3 6 1 
4 11 0 -2 6 -1 3 3 0 -1 3 1 1 -1 0 -1 3 -2 2 3 1 1 5 1 
12 17 0 -11 6 1 3 9 0 1 2 -1 0 1 1 -4 0 2 1 -1 1 6 0 1 0 1 0 -1 4 -5 0 -1 1 1 6 -1 
14 17 0 2 4 1 1 -2 0 -1 3 -2 3 -17 0 1 0 12 0 -2 1 2 1 -4 2 8 1 1 2 3 2 -2 6 -1 6 2 
-1 19 7 -2 0 -1 2 -14 2 -1 0 1 2 -3 0 6 1 -1 1 -6 0 -1 0 2 0 -6 4 2 0 -1 1 4 4 1 1 3 6 -1 3 1 
-8 20 0 8 4 1 1 -5 0 1 2 4 0 -1 1 1 1 19 1 -6 0 -8 1 -1 1 -1 0 1 1 -2 1 -2 2 -2 7 -1 1 -4 9 1 5 -1 
-19 13 0 4 6 1 3 5 0 1 3 8 1 2 0 1 3 3 1 1 0 2 4 1 2 1 6 1 
-6 4 0 2 10 1 4 3 6 1 
-2 6 11 1 4 2 1 -1 4 -1 2 1 7 1 
-2 6 0 1 10 2 4 4 1 1 7 1 7 1 
-1 4 11 1 4 4 2 1 3 -1 
-2 2 11 1 4 3 
0 3 0 1 15 2 6 1 
5 13 0 -3 4 1 1 -1 3 -4 3 -2 0 5 1 1 5 -1 1 -3 1 -1 2 -1 0 1 1 -1 
0 11 7 4 0 1 2 -4 3 -2 0 -1 2 -3 3 3 0 1 1 -1 4 -2 2 1 
6 21 0 9 0 1 5 1 0 1 2 -3 0 1 2 -1 0 -11 1 -4 0 4 1 -1 1 -6 0 1 0 -3 0 4 1 -1 2 1 0 -1 1 1 17 -1 5 1 
1 16 0 -12 6 5 4 1 3 -10 0 1 0 1 0 -2 1 1 1 6 0 1 0 -1 0 1 1 -1 2 -3 0 1 1 -1 
8 12 0 -9 6 5 3 -4 3 -1 0 -8 1 3 0 2 3 -1 1 -1 2 1 5 1 6 1 
-3 18 0 10 0 1 0 1 2 -1 1 2 3 -4 0 2 3 11 1 -7 4 -7 0 -1 0 2 0 -5 1 -1 2 -4 0 1 1 -3 6 1 
-1 21 0 -1 1 1 0 1 4 -1 2 11 0 1 2 -1 0 26 0 -1 0 -3 0 -4 1 -1 1 -1 0 -1 0 2 0 2 1 -1 2 1 0 -1 1 -2 6 -3 
-12 18 0 6 6 4 3 5 0 1 2 1 0 6 1 6 0 3 1 1 1 8 0 1 0 3 0 3 1 1 2 4 0 1 1 2 6 2 
-3 4 0 2 6 -1 7 -1 0 -1 
-2 1 16 -1 
-1 1 16 -1 
0 2 0 1 15 -1 
-1 1 16 -1 
0 0 
-1 1 16 -1 
-1 0 
0 0 
0 1 16 1 
-1 0 
9 1 16 -1 
1 2 0 -1 15 -1 
2 3 0 -1 15 -1 1 1 
3 3 0 -1 10 -1 4 -2 
3 2 0 -2 15 -2 
8 14 0 -7 6 1 3 2 4 -9 1 -2 0 2 3 5 1 1 0 -4 1 -1 2 -1 0 1 1 3 6 -1 
10 16 0 -7 0 1 3 -1 1 3 0 -1 2 -1 4 -14 0 1 0 3 0 -4 1 1 2 -1 1 6 5 1 8 -1 16 -1 
1 16 0 3 4 -1 5 -14 0 1 3 6 1 -5 0 6 2 1 0 -8 1 3 0 -4 7 1 4 1 1 2 6 -1 11 -1 
-11 16 0 5 6 1 0 -1 2 9 0 -1 3 18 0 -1 0 -2 0 -4 1 -2 1 2 1 -1 0 4 1 -1 12 -4 16 -1 
-12 11 0 2 6 1 3 1 4 3 1 1 0 1 3 1 1 1 0 1 4 1 2 1 
-2 10 0 -1 10 2 4 4 1 -2 0 -1 3 -2 2 2 1 1 5 1 6 -1 
1 11 0 1 10 4 4 7 1 1 0 1 1 1 1 1 2 3 1 1 5 1 6 1 
-4 4 0 2 10 1 4 4 6 1 
-2 4 7 1 8 3 1 1 6 -1 
8 9 0 -6 6 3 3 -5 4 3 8 -1 0 -1 4 -1 2 -1 6 1 
6 15 0 5 6 7 0 1 2 -5 0 -1 3 4 0 1 0 1 0 1 3 1 1 -1 0 -4 1 -1 2 3 2 -3 
-7 12 0 6 6 -4 3 -6 3 -2 0 -2 1 -3 0 -1 3 1 1 2 0 -2 1 1 3 1 
-10 1 16 -2 
4 14 0 -4 6 -1 0 -1 2 3 3 3 0 -7 0 1 0 -2 0 1 3 4 0 -2 1 -2 4 1 0 1 
3 16 0 1 1 1 4 -2 0 -1 2 2 3 -3 0 -8 0 1 0 2 0 -1 3 -3 0 3 0 -1 0 1 4 1 9 -1 
4 13 0 -6 0 -1 5 5 0 2 2 -1 3 -3 0 1 0 1 1 1 3 -5 0 -2 1 -1 4 2 
4 5 0 5 14 -1 0 4 6 3 0 -1 
3 13 0 -7 0 1 5 1 0 -1 2 -1 3 1 0 5 0 -1 0 1 0 -1 3 -6 2 1 4 3 
-7 10 0 3 6 -1 4 1 2 1 0 11 1 -3 4 1 1 1 5 -1 2 1 
-8 7 11 1 4 -1 1 1 0 1 3 1 1 1 5 1 
1 3 0 -1 6 1 15 -1 
1 3 0 1 6 1 8 -1 
1 4 0 2 6 -2 7 -1 0 -1 
-3 2 16 -2 6 1 
0 2 0 1 15 -1 
-1 1 16 -1 
-1 1 16 -1 
-1 1 16 -1 
-1 1 0 1 
-1 0 
-1 0 
0 0 
-1 0 
14 4 11 1 4 -3 9 -1 7 1 
3 7 0 -2 6 1 3 1 4 -5 1 -1 4 2 2 -1 
5 15 0 -2 6 -1 3 3 0 1 2 1 0 -10 6 1 0 -1 0 -1 0 -3 1 -1 2 1 0 1 1 1 6 1 
0 15 0 3 6 -4 0 1 2 2 0 1 3 -7 0 -1 5 -3 0 -1 0 -1 0 -2 1 1 2 3 0 1 1 1 
0 15 0 -1 6 2 3 -3 2 -1 0 -2 0 9 1 -4 0 2 1 1 1 -5 0 -1 1 -5 4 1 2 -1 6 4 
-1 19 0 6 7 1 2 10 0 -3 1 -1 0 -1 0 17 1 3 2 -1 1 6 0 -1 0 -2 0 4 1 -1 2 -1 0 -1 8 -2 6 -2 9 -1 
1 13 0 -1 10 5 0 -1 3 20 1 -1 0 -1 1 -1 1 -2 1 -1 0 -4 1 -1 5 -5 6 -1 
-4 11 0 5 10 4 4 14 1 -1 0 -2 3 4 2 -3 1 -2 5 -4 6 -1 15 -1 
-9 5 0 1 10 1 4 3 1 1 4 1 
-2 2 0 1 15 2 
-1 2 0 1 15 2 
-1 2 0 1 15 2 
-2 2 0 1 15 2 
-1 0 
1 4 0 -2 10 1 4 -2 6 1 
13 17 0 -1 0 -1 2 1 2 -3 0 -2 1 1 0 -1 3 2 0 -6 0 1 0 3 4 -1 1 1 0 2 1 -1 3 -1 8 -1 
5 13 0 -5 0 1 5 -11 3 -5 0 1 2 3 0 -1 1 1 4 -2 1 3 0 -1 5 -1 1 -1 
-11 0 
10 14 0 -8 0 1 5 -4 0 -2 2 -1 3 3 0 4 0 -2 0 -1 4 -4 0 2 0 1 5 -1 0 1 
-5 8 0 4 6 -1 0 -1 6 -2 0 3 6 2 0 -1 6 -1 
-3 1 16 1 
1 3 16 2 6 -1 2 -1 
-2 7 0 3 6 -2 3 -1 4 2 6 3 2 1 4 -2 
0 10 0 -4 10 2 0 -1 3 -8 1 -3 0 2 3 3 1 1 8 1 13 1 
2 9 7 1 3 2 4 -4 1 1 0 -1 3 -1 2 -1 4 -1 2 1 
2 8 7 -2 3 2 0 1 3 -6 8 -1 0 -1 4 1 2 1 
1 7 0 -1 6 -2 8 -4 6 1 0 -1 0 1 5 -1 
0 6 0 4 6 -1 0 -1 6 -2 0 -3 6 -1 
-3 6 0 1 6 -1 8 -3 6 -1 0 1 0 1 
-2 6 0 -1 10 1 0 1 3 -3 6 1 1 -1 
-1 3 0 1 15 -2 6 -1 
-2 2 0 1 15 -1 
-2 2 0 1 15 -1 
-2 1 0 1 
-1 1 0 1 
-1 0 
-1 0 
-1 0 
25 14 0 -1 10 9 0 -1 2 -1 0 5 1 -1 0 3 1 1 1 4 0 1 1 4 1 1 2 -1 2 3 
19 21 0 -13 4 1 1 -1 3 8 0 -2 2 1 0 -7 1 9 0 -4 1 1 1 -7 0 1 0 -3 0 2 1 -2 2 6 0 1 1 -2 6 2 2 -1 12 -1 
3 15 0 2 5 1 0 8 0 -1 2 -4 0 -1 3 18 0 -2 0 2 2 -1 1 1 1 -2 5 1 2 -1 9 -1 
-15 21 0 15 4 2 1 4 0 -1 2 2 2 -1 0 -1 2 -2 0 -1 1 1 1 8 0 -2 0 -3 0 1 1 3 3 -2 1 -1 6 2 6 1 8 -1 0 -1 
-18 8 0 3 6 1 3 1 4 -1 1 1 0 -1 3 -2 2 -1 
-4 2 0 1 15 1 
-2 2 0 1 15 1 
-2 1 16 1 
-1 2 0 1 15 1 
-2 1 16 1 
-1 1 16 1 
4 13 0 -2 6 -3 3 3 3 1 0 -6 1 -1 0 1 3 3 0 -1 0 -1 0 -1 4 2 0 1 
6 10 0 -6 6 -7 3 -4 3 4 0 -4 1 4 6 3 0 -1 4 1 0 -2 
-5 4 0 -1 10 -1 4 -2 6 -1 
1 0 
4 8 0 1 6 -1 0 -1 2 1 4 3 0 -1 5 1 2 1 
0 4 7 -2 7 1 0 3 14 -1 
-3 0 
4 6 0 -2 6 -3 3 -1 3 1 0 1 8 1 
-1 1 16 1 
0 1 16 -1 
1 15 0 5 4 1 2 -1 3 1 2 -2 2 -4 7 -3 1 1 2 -1 0 2 1 2 4 1 1 1 13 -1 0 -1 
-5 5 11 2 4 -3 6 1 2 -1 7 1 
9 12 0 -4 6 -5 3 2 0 1 2 -1 0 -2 1 1 5 -1 0 1 0 -2 4 -1 0 -1 
12 18 0 -7 6 -1 3 4 0 -1 1 1 0 -1 0 3 1 4 0 4 1 1 1 2 1 -1 0 -1 1 -1 2 -2 2 -1 6 3 9 1 
13 13 0 -5 10 -4 4 -13 1 -2 0 -5 1 2 1 7 1 1 0 -2 4 -1 2 3 13 -2 4 1 
11 13 0 -4 4 1 5 4 0 1 2 -1 0 -32 6 3 1 1 5 1 0 -1 1 -1 6 -1 6 -1 
-5 12 0 9 6 2 3 7 3 -1 0 -29 1 1 4 -3 0 -1 1 -5 4 -1 2 1 6 1 
-16 8 0 5 6 1 3 2 3 1 0 -16 1 2 4 -3 1 1 
-10 13 0 7 4 1 1 1 0 -1 6 -1 0 -5 1 -3 4 -2 2 -2 4 -1 0 1 1 1 4 1 
-4 14 0 -4 6 1 3 8 4 -11 1 -5 0 3 1 1 1 6 2 -6 1 -1 2 -1 0 1 1 3 6 -1 
-3 14 0 4 4 -1 1 2 3 1 0 -1 3 -7 1 2 0 -1 3 -4 0 -1 0 2 0 1 4 -2 0 1 
-6 3 0 1 15 -3 9 1 
-2 5 0 1 15 -3 9 1 1 1 5 -1 
-2 3 0 1 15 -1 6 -1 
-2 2 0 1 15 -1 
-1 1 0 1 
-2 0 
65 17 0 -3 4 -1 1 -4 0 -1 2 -10 0 2 2 -1 0 -8 1 -2 0 3 3 -18 1 6 2 -1 2 -2 0 1 1 -1 6 1 
-22 15 0 18 0 1 3 -1 1 -2 3 -3 0 1 2 -1 0 12 1 -1 0 5 3 2 1 1 0 1 1 1 5 -1 
-27 6 0 2 6 1 3 -1 4 2 1 1 7 1 
-5 3 0 2 6 1 8 2 
-2 7 0 1 10 1 4 4 1 1 0 1 6 1 14 1 
-2 2 0 1 15 1 
-2 2 0 1 15 1 
-1 2 0 1 15 1 
-1 1 16 1 
0 1 19 1 
8 10 0 3 6 -3 3 -3 3 -2 0 -3 1 -2 0 -1 3 1 1 1 6 1 
2 7 0 -3 6 -4 8 2 1 -1 4 -2 1 -1 5 -2 
-3 2 0 1 15 2 
-3 2 0 1 15 1 
0 1 16 1 
0 1 16 1 
0 1 16 1 
0 1 16 1 
2 3 0 -1 6 -1 8 2 
0 2 0 -1 15 1 
2 2 0 -1 15 1 
4 2 0 -2 15 3 
1 8 0 1 6 2 7 -1 0 8 6 -1 0 -1 3 -1 5 -1 
8 13 0 -1 6 -2 3 4 3 -1 0 15 6 1 0 -1 0 -1 0 1 1 -1 2 -1 2 -1 22 -1 
10 11 0 -9 6 1 3 3 3 -1 0 19 6 -3 1 -1 0 1 1 -2 5 -2 22 -1 
30 15 0 -19 6 4 3 -2 0 1 2 -1 0 25 1 6 0 -2 3 2 1 -2 0 -2 1 -2 2 -1 2 -3 22 -1 
36 12 0 -9 10 -12 3 -2 0 17 1 -2 4 2 0 1 0 1 0 2 1 -1 2 -1 2 -1 
3 14 0 13 6 1 3 -9 3 -1 0 18 1 5 0 1 3 -10 0 1 0 1 2 -1 2 -2 2 1 6 -1 
-38 18 0 20 6 1 3 -2 0 1 2 2 0 27 1 -5 0 1 1 1 1 2 1 -2 0 -8 1 -2 2 -1 0 -1 1 -5 6 2 6 1 
-37 15 0 11 6 2 3 3 0 -1 3 11 1 -1 0 -3 1 -1 1 5 1 -1 0 -1 1 -1 2 1 2 -2 6 -2 
-10 14 7 -2 3 4 3 1 0 8 1 -2 2 -1 1 -2 0 1 0 -1 0 4 1 1 2 -1 0 1 1 2 
-7 3 0 2 15 2 6 1 
-3 2 0 1 15 1 
-2 2 0 1 15 1 
-2 2 0 1 15 1 
-2 0 
-1 1 0 1 
-1 0 
44 15 0 15 0 1 5 6 3 1 0 -1 2 1 0 5 1 2 0 3 3 1 0 -2 0 -1 5 2 0 -1 8 1 
-24 8 0 4 6 1 7 1 0 1 1 1 6 1 0 1 4 1 
-8 6 0 4 6 2 7 1 0 1 6 1 7 1 
-4 1 0 1 
-2 1 16 1 
-1 0 
-2 1 0 1 
0 6 0 -2 6 1 3 1 4 -2 1 -1 4 2 
3 5 0 2 6 -1 7 -1 0 -4 6 -1 
0 4 0 -1 10 -1 4 -1 6 -1 
2 1 16 1 
0 1 16 2 
-2 2 0 1 15 1 
-1 1 16 1 
0 1 16 1 
0 1 16 1 
0 1 16 1 
0 1 16 1 
1 1 16 1 
1 1 16 1 
1 2 0 -1 15 1 
1 2 0 -1 15 1 
-1 6 0 1 6 1 3 -1 4 -3 6 1 7 1 
-1 6 0 1 6 1 3 1 4 1 6 -2 7 -1 
4 4 0 -4 15 3 6 -1 10 1 
12 5 0 -6 6 1 3 1 4 5 1 -1 
26 13 0 -24 6 10 0 1 2 2 0 -1 2 -4 2 1 0 1 3 5 1 -1 0 1 1 1 2 -1 
0 17 0 25 6 10 0 1 3 -1 2 4 0 18 0 -2 0 1 0 -2 3 5 0 -2 0 1 0 -1 1 -1 12 -1 15 1 0 1 
-22 4 0 2 10 1 4 8 6 2 
-10 6 0 5 6 1 7 1 0 2 6 1 7 1 
-6 2 0 2 15 2 
-4 2 0 1 15 1 
-2 2 0 1 15 1 
-2 2 0 1 15 1 
-1 0 
-1 1 0 1 
-1 0 
0 0 
47 14 0 16 0 1 5 4 0 1 2 3 3 3 0 -7 0 -1 0 -1 4 -1 0 -1 0 1 0 -2 4 -1 
-27 12 0 7 4 -1 5 -2 0 -1 3 -2 1 -2 6 1 0 -1 1 -1 3 1 1 1 6 1 
-9 1 0 2 
-3 2 0 1 15 1 
-3 1 0 1 
-1 0 
-2 2 0 1 15 1 
1 3 0 -3 6 2 10 -1 
4 2 0 1 15 1 
-1 1 16 1 
-1 2 0 1 15 1 
0 1 16 1 
-1 0 
-1 1 16 1 
0 1 16 1 
0 0 
0 0 
1 0 
1 0 
0 0 
1 1 16 1 
1 1 16 1 
1 1 16 1 
-1 12 0 2 6 1 3 1 3 -1 0 4 1 -2 0 -1 3 -1 1 1 0 1 7 1 6 -1 
1 11 0 -2 6 -2 0 1 2 -1 4 1 1 1 6 2 0 1 1 -1 2 1 2 1 
8 9 0 -6 6 1 3 1 7 -1 3 1 0 -1 0 -1 0 1 5 1 
29 16 0 -29 4 -1 1 9 3 -2 0 2 2 -1 0 3 1 -3 0 3 3 2 0 1 0 1 0 -5 4 -3 2 1 6 1 
-16 19 0 22 4 -1 1 14 3 7 0 -2 2 3 0 -4 0 1 0 9 0 -2 3 -5 0 1 0 5 0 -1 4 -1 0 2 1 -1 6 -2 6 -1 
-14 2 0 1 15 2 
-2 2 0 1 15 2 
-5 2 0 2 30 1 
-3 2 0 1 15 1 
-2 2 0 1 15 1 
-2 0 
0 1 16 1 
-1 0 
0 0 
-1 0 
71 18 0 24 6 1 0 -1 2 2 0 -2 3 -7 1 -7 0 1 1 1 1 2 0 2 0 -1 0 1 1 -1 2 8 0 1 1 -1 6 1 
-42 16 0 5 6 -1 0 -1 2 4 0 -1 2 4 0 -9 0 1 0 -2 4 3 0 -3 1 -1 4 1 0 1 1 -1 4 -1 
-17 7 0 4 6 2 3 1 0 1 2 1 0 -1 6 -1 
-4 1 0 1 
-1 1 0 1 
-2 1 0 1 
-2 3 0 1 6 1 8 -1 
4 3 0 -2 10 -1 19 1 
0 1 16 1 
-1 0 
-3 5 0 1 6 2 8 1 1 1 12 -1 
1 6 7 1 3 -1 3 1 0 2 9 1 1 -1 
1 0 
-1 0 
-1 0 
0 0 
0 0 
1 0 
0 0 
1 0 
0 1 16 1 
1 1 16 1 
1 1 16 1 
-1 4 0 1 10 -1 4 -1 6 1 
-1 4 11 1 4 -2 6 -1 2 1 
2 9 0 -2 6 1 3 1 4 5 1 1 0 1 3 -3 2 -2 14 1 
23 17 0 -15 6 -1 3 4 0 1 2 -1 0 34 1 -2 0 1 3 -12 1 -1 0 -9 4 -1 0 1 1 -5 6 -1 6 1 8 1 
7 21 0 16 1 -1 2 1 1 -1 0 -1 2 -15 0 1 2 -2 0 19 1 2 0 -8 1 2 1 20 1 5 0 -1 1 -2 2 3 0 1 1 2 6 -1 18 -1 
-25 9 0 3 10 -2 6 -2 0 2 3 -1 1 -1 0 3 7 -1 6 -1 
-4 2 0 1 15 2 
-2 2 0 1 15 1 
-2 2 0 1 15 1 
-1 1 0 1 
-2 0 
0 0 
-1 0 
0 0 
-1 0 
59 21 0 -15 4 -1 1 -8 0 -1 1 -1 0 -5 0 -1 2 -2 0 23 1 6 0 1 1 -1 1 7 0 2 0 -2 0 3 1 1 2 -4 0 -2 1 -2 13 2 
-7 15 0 16 4 -1 1 -1 7 1 0 -12 1 -8 0 3 3 2 1 -1 0 3 4 5 0 1 1 -1 6 -1 6 1 
-26 14 0 5 6 -2 0 1 2 1 3 1 0 -9 6 1 0 -1 1 -1 1 -1 2 2 0 1 1 1 13 -1 
-11 6 0 3 6 2 7 1 0 -4 6 -2 7 -1 
-4 2 0 1 15 -3 
-3 2 0 1 15 -1 
-2 2 0 1 15 -1 
-1 3 0 -1 15 1 6 -1 
2 2 16 1 6 1 
-1 0 
-2 5 0 2 6 1 3 1 13 1 5 1 
0 10 0 2 4 -1 1 -1 7 -2 0 -1 2 1 6 2 1 -1 5 -2 6 -1 
0 4 0 -2 6 -1 8 1 6 1 
0 0 
0 0 
0 0 
1 7 7 -2 3 -2 0 1 2 1 9 1 0 -1 7 1 
-1 0 
1 0 
0 0 
0 0 
1 0 
0 1 16 1 
1 1 16 1 
1 1 16 1 
0 0 
2 7 0 -2 10 -1 4 -5 1 -2 0 -1 3 4 1 1 
-4 9 0 3 6 1 3 2 4 -2 1 2 0 -1 3 -3 2 -1 4 -1 
-2 3 0 -1 10 1 4 2 
2 3 11 -1 4 2 6 1 
-1 1 0 1 
-2 2 0 1 15 1 
-1 1 16 1 
-1 0 
0 0 
0 1 16 1 
0 0 
0 0 
8 13 0 -4 6 2 3 2 3 -1 0 3 1 -2 0 -1 3 -4 0 -1 0 1 0 1 4 2 0 -1 
13 11 0 -6 10 7 0 1 2 -1 0 20 1 1 0 1 3 -4 1 1 0 1 1 1 
16 21 0 2 0 1 3 1 1 -4 0 -1 2 -2 0 -1 2 -3 0 3 0 1 0 -4 0 -1 1 -1 1 9 0 3 0 1 0 1 4 2 9 1 5 1 0 1 
-11 10 0 4 6 -1 3 3 3 1 0 -9 1 1 4 -1 1 -1 0 -1 4 1 
-7 5 0 2 15 -5 2 -1 3 -1 2 -1 
-5 4 0 2 10 1 4 -3 6 -1 
-4 3 0 1 15 -3 9 -1 
-3 2 0 1 15 -3 
-2 2 11 1 4 -1 
0 1 16 -1 
0 2 0 1 15 -1 
-1 11 0 1 4 -1 1 1 4 -1 2 1 2 -1 0 -1 4 1 0 -1 0 -1 7 -1 
1 9 0 -2 7 -1 2 -1 3 1 0 -2 1 1 4 -1 2 1 5 -1 
-1 1 0 1 
-1 0 
0 0 
0 0 
0 0 
0 0 
1 0 
0 0 
0 0 
0 0 
1 0 
0 0 
1 0 
3 4 0 -5 6 2 8 3 6 -2 
3 6 0 5 6 -3 8 3 1 1 4 2 7 -1 
-8 3 0 1 10 -1 4 -2 
-1 2 16 -1 6 -1 
0 0 
-1 0 
-1 0 
-1 0 
0 0 
0 0 
0 0 
0 0 
8 3 0 1 15 -1 6 -1 
0 1 16 -1 
4 15 0 -2 4 -1 1 1 3 3 3 -2 0 4 1 -1 4 -1 0 -2 0 1 0 2 1 1 2 1 0 -2 1 1 
34 17 0 -15 4 1 1 -8 4 1 2 1 0 4 1 6 0 1 1 -1 1 13 0 -2 0 2 0 -2 1 -1 2 2 2 -2 6 -1 
-2 11 0 9 6 -2 3 -4 3 -1 0 -8 2 1 3 -1 0 1 1 -1 4 1 9 1 
-16 8 0 7 6 2 0 -1 2 -2 4 -5 1 -1 4 -3 7 -1 
-8 4 0 2 10 -2 4 -3 9 -1 
-5 3 0 2 10 -1 4 -2 
-3 3 0 1 10 -1 4 -2 
-3 3 0 1 10 -1 4 -2 
1 4 0 -1 10 -1 4 -1 6 1 
-2 3 0 1 10 -1 4 -1 
-2 0 
-1 0 
-1 0 
0 0 
-1 0 
0 0 
0 0 
0 0 
0 0 
0 0 
1 0 
0 0 
2 7 0 -2 6 2 7 -1 0 -1 6 1 0 1 6 -1 
-1 0 
1 1 0 -1 
1 3 0 1 6 -1 8 1 
-2 0 
-1 0 
-1 1 0 1 
-1 0 
0 0 
0 0 
-1 1 16 -1 
0 0 
0 0 
0 0 
